$ANSIBLE_VAULT;1.1;AES256
66333764616663656361303933633930373330666633633636386134663362336563306163643632
6134376561323936343734623037366366653535396232310a333430393266636465376561653361
62653861653631343032386335666236336136336465313335326266373163663261303266393066
3365636530393332610a666565613763666261656438363032383462353233323934316430643166
64656466373664323834613537373331376463396238663661323563353263666362343932316438
38643064656262333038663365643161396565353036343332646566346537353330616665623930
62616530333533656635313362323830653465333232353161646533636234303663636564333966
33643438633730396636313263376665326436373961396335633266663235643535623133653064
35633330663130613530616632666131356636393962613534633236383266363462316537343339
63303539306463326665303964306332626435313333336231626330313031396663323536653535
65346432303435346162616562396635386264666631313861663162316232616266333033386461
33313333313963356431646432333633393065613536343265363434316632656361666265613938
35343939306538633837356331336465346365636439383666336438633562313139336630653333
37323134383230353234393061656465383263396436626536626334636263636137393962656235
65616533333262353939343436363634323066393064353932316637623233653663666433633663
38373734633964316535313931316638316236346261313633643961316138313362306263356563
64363263613264363430383832646132356265306430346534303961643964633030
